[0, 0.087266463, 0.381790774, 0.676315085, 1.069014167; 0.1, 21.85935115, 19.40124656, 14.48076065, 6.422386005; 0.5, 62.33136451, 59.27644632, 52.40419357, 37.20671352; 0.8, 111.8084901, 108.3055721, 100.1734916, 80.63720204; 1, 149.7938509, 146.0107846, 137.1337227, 115.1941738]

[0, 0.087266463, 0.381790774, 0.676315085, 1.069014167; 0.1, 0.016493787, 0.189973387, 0.454673119, 0.8014636; 0.5, 1.108941623, 3.104718611, 4.484174136, 5.693641563; 0.8, 5.35109154, 10.27191622, 12.96530932, 15.082489; 1, 10.36769126, 17.50938621, 21.11255802, 23.84129943]

[0, 0.087266463, 0.381790774, 0.676315085, 1.069014167; 0.1, 0.85, 0.85, 0.85, 0.85; 0.5, 0.86, 0.86, 0.86, 0.86; 0.8, 0.87, 0.87, 0.87, 0.87; 1, 0.88, 0.88, 0.88, 0.88]



[0, 0.087266463, 0.381790774, 0.676315085, 1.069014167; 0.1, 21.85935115, 19.40124656, 14.48076065, 6.422386005; 0.5, 62.33136451, 59.27644632, 52.40419357, 37.20671352; 0.8, 111.8084901, 108.3055721, 100.1734916, 80.63720204; 1, 149.7938509, 146.0107846, 137.1337227, 115.1941738]

[0, 0.087266463, 0.381790774, 0.676315085, 1.069014167; 0.1, 0.016493787, 0.189973387, 0.454673119, 0.8014636; 0.5, 1.108941623, 3.104718611, 4.484174136, 5.693641563; 0.8, 5.35109154, 10.27191622, 12.96530932, 15.082489; 1, 10.36769126, 17.50938621, 21.11255802, 23.84129943]

[0, 0.087266463, 0.381790774, 0.676315085, 1.069014167; 0.1, 0.85, 0.85, 0.85, 0.85; 0.5, 0.86, 0.86, 0.86, 0.86; 0.8, 0.87, 0.87, 0.87, 0.87; 1, 0.88, 0.88, 0.88, 0.88]





